Namespace(aff_max_rot=30.0, aff_max_scale=1.2, aff_max_shear=10.0, aff_min_rot=-30.0, aff_min_scale=0.8, aff_min_shear=-10.0, arch='ClusterNet5gTwoHead', batch_sz=75, dataloader_batch_sz=75, dataset='custom_data', dataset_root='./data_to_proceed/', epoch_acc=[0.3797790350877193, 0.6271857309941521, 0.6238860526315789, 0.632162865497076, 0.6535076023391813, 0.6627149707602339, 0.6628331871345029, 0.6675892397660819, 0.672704970760234, 0.6723081286549708, 0.6761197368421052, 0.6797023976608187, 0.6804424561403509, 0.6856938888888889, 0.6867163742690059, 0.6857385380116959, 0.6989755555555556, 0.6953883625730994, 0.7032286257309942, 0.7175695614035088, 0.718502134502924, 0.726347514619883, 0.7171856432748538, 0.7129009649122807, 0.7136431871345029, 0.709833245614035, 0.7158133918128655, 0.7152605263157895, 0.7093104970760233, 0.7165355555555556, 0.7129749415204678, 0.7086248245614035, 0.699608216374269, 0.7028099122807018, 0.7126895029239766, 0.7049520760233918, 0.7059785964912281, 0.7084958771929825, 0.7107192982456141, 0.7100341228070175, 0.7020050584795322, 0.7078633918128655, 0.7041466374269005, 0.7072710233918129, 0.6977247076023392, 0.6978255263157894, 0.6929808187134503, 0.7020219590643275, 0.6962826900584795, 0.7018628362573099, 0.7062430994152047, 0.6936362573099415, 0.6980556432748538, 0.7010286549707603, 0.6943218713450292, 0.699505730994152, 0.697108216374269, 0.6912161988304094, 0.6960472222222223, 0.6972962573099415, 0.6964396198830409, 0.6987209064327485, 0.6947027485380117, 0.6922642982456141, 0.6866321637426901, 0.6900257894736842, 0.6882744736842106, 0.6934227485380117], epoch_ari=[-1.0, -1.0, -1.0, -1.0, -1.0, -1.0, -1.0, -1.0, -1.0, -1.0, -1.0, -1.0, -1.0, -1.0, -1.0, -1.0, -1.0, -1.0, -1.0, -1.0, -1.0, -1.0, -1.0, -1.0, -1.0, -1.0, -1.0, -1.0, -1.0, -1.0, -1.0, -1.0, -1.0, -1.0, -1.0, -1.0, -1.0, -1.0, -1.0, -1.0, -1.0, -1.0, -1.0, -1.0, -1.0, -1.0, -1.0, -1.0, -1.0, -1.0, -1.0, -1.0, -1.0, -1.0, -1.0, -1.0, -1.0, -1.0, -1.0, -1.0, -1.0, -1.0, -1.0, -1.0, -1.0, -1.0, -1.0, -1.0], epoch_loss=[-0.48571293413847033, -0.9016646031037118, -1.0008381246363076, -1.040301560776905, -1.089739613162661, -1.1344378538502073, -1.1536830015552855, -1.1653779698807059, -1.1765041906856797, -1.185030659425606, -1.1916390136607642, -1.197373899441321, -1.2067880225413055, -1.2096697230940883, -1.211443034190576, -1.2174433851705013, -1.2219861225017066, -1.2239192469606122, -1.2327480119408913, -1.2375065435483619, -1.2449930466494514, -1.2680079358295329, -1.2867541081697038, -1.2982812818971652, -1.306328701741487, -1.3107292709998715, -1.3139136682436303, -1.316196962467675, -1.3215146192069191, -1.3203299057136462, -1.323485250611907, -1.3252894473307342, -1.3276963465422102, -1.3300571580534999, -1.3336468310032077, -1.3345278212167684, -1.3355953785979633, -1.3386203826052472, -1.3381150903053654, -1.3392866525835203, -1.3397523211044016, -1.3446465244570982, -1.3414837202979524, -1.3432304998045985, -1.3470243447035262, -1.3459306110456153, -1.3462161751626764, -1.3465984619936897, -1.35188554212885, -1.3503393814401718, -1.3513366099700188, -1.3527474021448673, -1.3529537939330907, -1.3544504434159659, -1.3536583729160643, -1.3571996503663295, -1.3566319618410276, -1.3564171131374767, -1.3583082041694123, -1.3586388999976, -1.3587928072920124, -1.360889912808983, -1.3620752929483804, -1.3606341880502053, -1.3614909660468981, -1.3620243269262962, -1.3627975924501141], epoch_loss_no_lamb=[-0.48571293413847033, -0.9016646031037118, -1.0008381246363076, -1.040301560776905, -1.089739613162661, -1.1344378538502073, -1.1536830015552855, -1.1653779698807059, -1.1765041906856797, -1.185030659425606, -1.1916390136607642, -1.197373899441321, -1.2067880225413055, -1.2096697230940883, -1.211443034190576, -1.2174433851705013, -1.2219861225017066, -1.2239192469606122, -1.2327480119408913, -1.2375065435483619, -1.2449930466494514, -1.2680079358295329, -1.2867541081697038, -1.2982812818971652, -1.306328701741487, -1.3107292709998715, -1.3139136682436303, -1.316196962467675, -1.3215146192069191, -1.3203299057136462, -1.323485250611907, -1.3252894473307342, -1.3276963465422102, -1.3300571580534999, -1.3336468310032077, -1.3345278212167684, -1.3355953785979633, -1.3386203826052472, -1.3381150903053654, -1.3392866525835203, -1.3397523211044016, -1.3446465244570982, -1.3414837202979524, -1.3432304998045985, -1.3470243447035262, -1.3459306110456153, -1.3462161751626764, -1.3465984619936897, -1.35188554212885, -1.3503393814401718, -1.3513366099700188, -1.3527474021448673, -1.3529537939330907, -1.3544504434159659, -1.3536583729160643, -1.3571996503663295, -1.3566319618410276, -1.3564171131374767, -1.3583082041694123, -1.3586388999976, -1.3587928072920124, -1.360889912808983, -1.3620752929483804, -1.3606341880502053, -1.3614909660468981, -1.3620243269262962, -1.3627975924501141], epoch_masses=array([[0.01407655, 0.0014314 , 0.98449205],
       [0.45426123, 0.19551038, 0.35022839],
       [0.38628518, 0.29456199, 0.31915284],
       [0.3665445 , 0.33847608, 0.29497942],
       [0.34149056, 0.33098164, 0.32752781],
       [0.29275436, 0.3251774 , 0.38206825],
       [0.38650094, 0.23448538, 0.37901368],
       [0.30037345, 0.33609117, 0.36353538],
       [0.37882921, 0.23758652, 0.38358427],
       [0.41046515, 0.22191564, 0.36761921],
       [0.39694216, 0.22080851, 0.38224933],
       [0.39790477, 0.221945  , 0.38015023],
       [0.40332453, 0.22502289, 0.37165257],
       [0.39859635, 0.23763111, 0.36377254],
       [0.40059456, 0.22115886, 0.37824658],
       [0.3787688 , 0.24312096, 0.37811023],
       [0.39526675, 0.23713263, 0.36760061],
       [0.38478053, 0.23586886, 0.37935061],
       [0.38949266, 0.22984056, 0.38066678],
       [0.39285842, 0.23647705, 0.37066453],
       [0.3942605 , 0.22999287, 0.37574664],
       [0.38484854, 0.23737032, 0.37778114],
       [0.39071333, 0.2224455 , 0.38684117],
       [0.38173939, 0.20938146, 0.40887915],
       [0.36996994, 0.20205889, 0.42797117],
       [0.44566687, 0.21943772, 0.33489541],
       [0.45341374, 0.19836485, 0.3482214 ],
       [0.43604725, 0.21128617, 0.35266658],
       [0.44222442, 0.20026249, 0.3575131 ],
       [0.45279918, 0.1994948 , 0.34770602],
       [0.42246015, 0.20685354, 0.37068632],
       [0.42544295, 0.21207702, 0.36248003],
       [0.43529585, 0.21059368, 0.35411047],
       [0.44229404, 0.21095523, 0.34675073],
       [0.44984705, 0.20600547, 0.34414749],
       [0.42787325, 0.20796342, 0.36416333],
       [0.46041661, 0.20018453, 0.33939886],
       [0.42590208, 0.21685164, 0.35724629],
       [0.42847994, 0.2250267 , 0.34649336],
       [0.4325814 , 0.20460813, 0.36281047],
       [0.42287067, 0.21366029, 0.36346904],
       [0.44950579, 0.2114943 , 0.33899991],
       [0.43074746, 0.20764722, 0.36160532],
       [0.44018041, 0.21507184, 0.34474775],
       [0.42866246, 0.21642994, 0.3549076 ],
       [0.44360912, 0.21413643, 0.34225444],
       [0.44574421, 0.21958436, 0.33467143],
       [0.43610351, 0.21023874, 0.35365775],
       [0.43879962, 0.21763561, 0.34356477],
       [0.43861126, 0.21709319, 0.34429556],
       [0.43061708, 0.22009216, 0.34929076],
       [0.43841518, 0.20065801, 0.36092681],
       [0.44089357, 0.21044541, 0.34866102],
       [0.4290252 , 0.22019953, 0.35077526],
       [0.42114825, 0.21395819, 0.36489357],
       [0.44567892, 0.21565804, 0.33866304],
       [0.43652249, 0.21367061, 0.3498069 ],
       [0.43928249, 0.21225757, 0.34845994],
       [0.43074088, 0.22958295, 0.33967617],
       [0.42362798, 0.21963883, 0.35673319],
       [0.44067406, 0.2117057 , 0.34762023],
       [0.43731871, 0.21990982, 0.34277146],
       [0.31230702, 0.34076096, 0.34693202],
       [0.44182497, 0.21799845, 0.34017658],
       [0.44237596, 0.21611678, 0.34150725],
       [0.42637825, 0.22385924, 0.34976251],
       [0.42276494, 0.22860301, 0.34863205],
       [0.44788269, 0.22259003, 0.32952728],
       [0.43900249, 0.22007702, 0.3409205 ]]), epoch_nmi=[-1.0, -1.0, -1.0, -1.0, -1.0, -1.0, -1.0, -1.0, -1.0, -1.0, -1.0, -1.0, -1.0, -1.0, -1.0, -1.0, -1.0, -1.0, -1.0, -1.0, -1.0, -1.0, -1.0, -1.0, -1.0, -1.0, -1.0, -1.0, -1.0, -1.0, -1.0, -1.0, -1.0, -1.0, -1.0, -1.0, -1.0, -1.0, -1.0, -1.0, -1.0, -1.0, -1.0, -1.0, -1.0, -1.0, -1.0, -1.0, -1.0, -1.0, -1.0, -1.0, -1.0, -1.0, -1.0, -1.0, -1.0, -1.0, -1.0, -1.0, -1.0, -1.0, -1.0, -1.0, -1.0, -1.0, -1.0, -1.0], eval_mode='orig', fine_to_coarse_dict='/IIC/out/fine_to_coarse_dict.pickle', flip_p=0.5, gt_k=3, half_T_side_dense=10, half_T_side_sparse_max=0, half_T_side_sparse_min=0, in_channels=4, incl_animal_things=False, include_rgb=True, include_things_labels=False, input_sz=200, jitter_brightness=0.1, jitter_contrast=0.1, jitter_hue=0.1, jitter_saturation=0.1, lamb=1.0, last_epoch=60, lr=1e-05, lr_mult=0.1, lr_schedule=[], mapping_assignment_partitions=['unlabelled_train'], mapping_test_partitions=['unlabelled_test'], mask_input=False, mode='IID+', model_ind=482, no_pre_eval=False, no_sobel=True, num_dataloaders=1, num_epochs=4800, num_heads=1, opt='Adam', out_dir='/IIC/out/1', out_root='/IIC/out/here/1', output_k=9, pre_scale_all=False, pre_scale_factor=0.5, restart=True, scale_max=1.4, scale_min=0.6, train_partitions=['unlabelled_train', 'labelled_train'], use_coarse_labels=True, use_random_affine=False, use_random_scale=False, use_uncollapsed_loss=True, using_IR=True)